2022-09-2015,25.049999999999997,0.592063431771418,651,7,27,43.0,49.0
2022-09-2113,24.55,0.5734678095438511,638,7,22,51.0,38.0
2022-09-2114,25.25,0.6123485739055183,656,6,24,47.0,52.0
2022-09-2115,28.700000000000003,0.6124312354312355,746,6,25,54.0,58.0
2022-09-2213,15.75,0.5256418595679012,409,7,22,36.0,17.0
2022-09-2214,17.25,0.5404297692533803,448,7,23,33.0,27.0
2022-09-2215,19.05,0.5675419312169313,495,6,21,31.0,40.0
2022-09-2216,2.05,0.30690351224664947,53,13,3,1.0,3.0
2022-09-2510,25.099999999999998,0.582178062202715,652,7,19,55.0,37.0
2022-09-2511,15.05,0.5404740961199294,391,7,19,35.0,17.0
2022-09-2512,16.45,0.5943506577013521,427,6,18,37.0,26.0
2022-09-2513,1.7,0.23412514029180698,44,14,3,1.0,2.0
2022-09-2613,27.700000000000003,0.6148792804931694,720,6,28,71.0,35.0
2022-09-2614,23.450000000000003,0.565528587795949,609,6,28,40.0,48.0
2022-09-2615,26.450000000000003,0.6146685300810302,687,6,29,47.0,54.0
2022-09-2713,27.45,0.5985643529053251,713,6,24,66.0,36.0
2022-09-2714,28.650000000000002,0.6138362868484397,744,6,27,65.0,44.0
2022-09-2715,23.700000000000003,0.5824946772363438,616,6,27,43.0,47.0
2022-09-2812,0.8,0.16732510288065847,20,20,1,1.0,0.0
2022-09-2813,20.05,0.5899958436882048,521,6,24,50.0,26.0
2022-09-2814,26.65,0.5897689671696615,692,6,27,55.0,46.0
2022-09-2815,27.049999999999997,0.5953623212564185,703,6,27,53.0,49.0
2022-09-2816,1.0499999999999998,0.21704695767195767,27,13,1,2.0,0.0
2022-09-2913,17.95,0.5534310607730747,466,7,19,40.0,21.0
2022-09-2914,20.0,0.5867040821575543,520,7,20,44.0,29.0
2022-09-2915,26.400000000000002,0.5824619815498288,686,7,23,63.0,35.0
2022-10-0210,19.5,0.5585435706269039,507,7,18,38.0,30.0
2022-10-0211,10.8,0.5002197530864197,280,8,16,19.0,15.0
2022-10-0212,14.55,0.5275164357653392,378,7,18,21.0,31.0
2022-10-0313,21.5,0.5687439545922185,559,7,23,42.0,35.0
2022-10-0314,21.0,0.5848127682245737,546,6,27,41.0,38.0
2022-10-0315,24.5,0.5917172436488408,637,7,27,45.0,43.0
2022-10-0413,20.6,0.552711462303129,535,7,23,52.0,23.0
2022-10-0414,25.700000000000003,0.6009155481221454,668,7,27,54.0,41.0
2022-10-0415,29.95,0.598375886688203,778,7,28,58.0,53.0
2022-10-0416,1.15,0.23959038800705468,29,9,3,2.0,1.0
2022-10-0512,0.7500000000000001,0.18050785634118968,19,19,1,1.0,0.0
2022-10-0513,16.3,0.5410906341857731,423,7,20,43.0,13.0
2022-10-0514,28.6,0.5825007654382656,743,7,25,57.0,48.0
2022-10-0515,24.25,0.5893944970538719,630,7,27,45.0,44.0
2022-10-0516,0.55,nan,14,14,1,1.0,0.0
2022-10-0613,16.85,0.5320926201499118,438,7,18,34.0,23.0
2022-10-0614,19.3,0.593522732617177,501,6,22,46.0,28.0
2022-10-0615,19.5,0.5651953884078884,507,7,20,36.0,36.0
2022-10-0616,0.85,0.16864197530864197,22,22,1,0.0,1.0
2022-10-1113,23.3,0.5923672445609945,605,6,25,65.0,23.0
2022-10-1114,28.0,0.6066386033847839,728,6,28,66.0,43.0
2022-10-1115,28.5,0.6212979474229474,741,6,27,66.0,46.0
2022-10-1213,24.549999999999997,0.5816448616198616,638,6,25,58.0,34.0
2022-10-1214,26.099999999999998,0.6163573790921012,678,6,25,70.0,32.0
2022-10-1215,26.75,0.6072987745857538,695,6,28,52.0,51.0
2022-10-1313,18.65,0.5474429030717224,484,7,19,43.0,21.0
2022-10-1314,26.75,0.6151009070533376,695,6,21,57.0,49.0
2022-10-1315,27.1,0.6227228859103859,704,6,24,51.0,54.0
2022-10-1610,22.7,0.6261656166492973,590,6,23,57.0,34.0
2022-10-1611,18.950000000000003,0.5788531341857731,492,7,21,40.0,30.0
2022-10-1612,16.1,0.5489520953583453,418,7,21,28.0,26.0
2022-10-1713,24.200000000000003,0.5762997062222757,629,7,26,55.0,32.0
2022-10-1714,27.1,0.5953100519079686,704,6,27,56.0,45.0
2022-10-1715,32.55,0.619984172399103,846,6,29,76.0,52.0
2022-10-1813,24.5,0.6087963188431939,637,6,26,71.0,25.0
2022-10-1814,28.85,0.5930040653983363,750,6,24,64.0,47.0
2022-10-1815,34.25,0.6310430424249255,890,6,29,81.0,60.0
2022-10-1816,0.6499999999999999,0.1870793650793651,16,16,1,0.0,1.0
2022-10-1913,23.3,0.619270874418791,605,6,23,63.0,31.0
2022-10-1914,23.45,0.5980122596667735,609,6,26,58.0,31.0
2022-10-1915,30.25,0.6069217212956797,786,6,26,63.0,51.0
2022-10-1916,0.7,0.190407848324515,18,18,1,1.0,0.0
2022-10-2013,15.95,0.536512562463257,414,7,18,37.0,19.0
2022-10-2014,14.850000000000001,0.5249823247354497,386,7,18,24.0,27.0
2022-10-2015,20.65,0.5939637474279835,536,6,19,48.0,30.0
2022-10-2310,20.65,0.5693437150940623,536,7,21,47.0,28.0
2022-10-2311,19.2,0.5467398589065255,499,7,21,36.0,32.0
2022-10-2312,17.7,0.5507875349059377,460,7,17,31.0,30.0
2022-10-2412,1.0,nan,26,13,1,2.0,0.0
2022-10-2413,26.0,0.5801629423303035,676,6,25,72.0,27.0
2022-10-2414,27.299999999999997,0.6090714598801404,709,6,26,61.0,42.0
2022-10-2415,30.1,0.6113331891102725,782,6,28,47.0,66.0
2022-10-2416,0.7000000000000001,0.1624284511784512,18,18,1,0.0,1.0
2022-10-2513,23.4,0.5972946817842651,608,6,24,56.0,33.0
2022-10-2514,24.8,0.5981743184798741,644,6,26,56.0,37.0
2022-10-2515,29.750000000000004,0.6130152704291593,773,6,27,51.0,61.0
2022-10-2516,1.55,0.24419238683127573,40,13,3,0.0,3.0
2022-10-2613,21.45,0.6035116213390519,557,6,24,51.0,33.0
2022-10-2614,28.75,0.6025190790048428,747,6,28,66.0,45.0
2022-10-2615,37.05,0.6411774555184889,963,6,30,108.0,39.0
2022-10-2712,22.55,0.5773644397012453,586,7,5,81.0,0.0
2022-10-2713,21.35,0.544350997574956,555,7,22,46.0,31.0
2022-10-2714,31.4,0.5997408412798017,816,6,23,77.0,41.0
2022-10-2715,29.15,0.6021943160877188,757,6,22,65.0,45.0
2022-10-2716,1.5499999999999998,0.2222845518678852,40,13,3,3.0,0.0
2022-10-284,8.35,0.44464091130604294,217,9,2,23.0,0.0
2022-10-309,18.1,0.5369068931711293,470,7,2,59.0,0.0
2022-10-3010,29.5,0.6363227969175886,767,6,21,73.0,46.0
2022-10-3011,24.15,0.5993633255504783,627,6,24,73.0,21.0
2022-10-3012,20.0,0.5709212710000905,520,7,23,46.0,27.0
2022-10-316,11.3,0.48430776652278845,293,7,1,37.0,0.0
2022-10-317,6.0,0.4197479938271605,156,9,1,17.0,0.0
2022-10-3111,4.85,0.37942978395061727,126,10,1,12.0,0.0
2022-10-3112,0.6,0.19199074074074074,15,15,1,1.0,0.0
2022-10-3113,13.8,0.5205775132275132,358,7,16,32.0,14.0
2022-10-3114,19.7,0.5854113701499117,512,7,21,35.0,38.0
2022-10-3115,22.85,0.5632465119114424,594,7,22,38.0,42.0
2022-10-3116,0.6,nan,15,15,1,0.0,1.0
2022-11-0113,21.5,0.5922422802763081,559,6,23,49.0,32.0
2022-11-0114,30.3,0.6139112936189325,787,6,27,63.0,53.0
2022-11-0115,34.0,0.6154500510518296,884,6,28,81.0,48.0
2022-11-0213,22.75,0.6099508552789804,591,6,25,50.0,37.0
2022-11-0214,24.95,0.5942684006065951,648,6,25,52.0,45.0
2022-11-0215,25.449999999999996,0.5933750194892556,661,6,26,54.0,42.0
2022-11-0313,12.95,0.5256291005291005,336,7,21,26.0,19.0
2022-11-0314,18.4,0.533516661656245,478,7,21,40.0,23.0
2022-11-0315,21.2,0.5919264936067019,551,6,22,52.0,28.0
2022-11-0410,1.95,0.2683492605796527,50,12,1,3.0,1.0
2022-11-0610,23.4,0.5504509244227994,608,7,22,47.0,35.0
2022-11-0611,17.7,0.5567341471928278,460,7,21,42.0,23.0
2022-11-0612,15.65,0.5537465388007056,406,7,21,32.0,23.0
2022-11-0712,0.4,nan,10,10,1,1.0,0.0
2022-11-0713,23.7,0.568486995450537,616,7,26,59.0,29.0
2022-11-0714,29.200000000000003,0.6367695135625692,759,6,29,68.0,49.0
2022-11-0715,27.0,0.5998794452332646,702,7,30,58.0,42.0
2022-11-0716,0.65,nan,16,16,1,0.0,1.0
2022-11-0813,25.799999999999997,0.6163081718307413,670,6,24,65.0,36.0
2022-11-0814,27.35,0.6059717812408785,711,6,28,71.0,33.0
2022-11-0815,40.4,0.6381970179411415,1050,6,30,115.0,46.0
2022-11-0816,2.7,0.3424727366255144,70,11,4,5.0,1.0
2022-11-0912,4.25,0.3565220282276203,110,11,2,10.0,0.0
2022-11-0913,22.1,0.5648980433532517,574,6,24,64.0,19.0
2022-11-0914,33.7,0.6273916425652536,876,6,28,94.0,36.0
2022-11-0915,29.199999999999996,0.6169788274482719,759,6,26,74.0,40.0
2022-11-0916,2.2,0.23108098177542621,57,14,1,4.0,0.0
2022-11-1012,4.3,0.3630586873638344,111,8,2,13.0,0.0
2022-11-1013,16.3,0.5635393242945326,423,7,20,43.0,16.0
2022-11-1014,22.1,0.5530646164021165,574,7,24,57.0,19.0
2022-11-1015,20.75,0.5670875629642991,539,6,21,51.0,27.0
2022-11-1016,0.65,nan,16,16,1,1.0,0.0
2022-11-139,4.9,0.37700284758965313,127,10,5,12.0,0.0
2022-11-1310,21.85,0.5607207710370905,568,7,20,54.0,23.0
2022-11-1311,20.1,0.5600033806985195,522,7,22,53.0,16.0
2022-11-1312,18.75,0.542516586666934,487,7,18,49.0,18.0
2022-11-1313,0.7,nan,18,18,1,1.0,0.0
2022-11-1412,3.1,0.30567580344895157,80,13,1,6.0,0.0
2022-11-1413,28.25,0.5937557631668743,734,7,24,73.0,29.0
2022-11-1414,34.55,0.6198578846194654,898,6,27,93.0,41.0
2022-11-1415,32.35,0.5984411818248624,841,6,27,70.0,51.0
2022-11-1416,1.55,0.2226362886085108,40,13,2,3.0,0.0
2022-11-1512,4.6,0.39052614596254953,119,9,1,12.0,0.0
2022-11-1513,30.450000000000003,0.6202917720910778,791,6,24,89.0,29.0
2022-11-1514,28.8,0.6168721569197263,748,6,28,76.0,37.0
2022-11-1515,28.049999999999997,0.5886168285032868,729,6,28,73.0,35.0
2022-11-1516,0.7,0.14837705761316872,18,18,1,1.0,0.0
2022-11-1612,1.05,0.25986625514403294,27,13,2,2.0,0.0
2022-11-1613,21.6,0.5875493237600876,561,7,19,56.0,24.0
2022-11-1614,22.55,0.5534505675137619,586,7,25,49.0,30.0
2022-11-1615,25.85,0.6122703837828838,672,6,26,71.0,28.0
2022-11-1616,0.9500000000000001,0.28485596707818933,24,12,2,2.0,0.0
2022-11-1712,2.35,0.2681927549826515,61,15,1,4.0,0.0
2022-11-1713,18.5,0.5822184138007055,481,6,18,53.0,17.0
2022-11-1714,21.3,0.5357599502931009,553,7,19,54.0,17.0
2022-11-1715,18.15,0.5633276638741918,471,7,18,45.0,21.0
2022-11-1716,0.6,nan,15,15,1,1.0,0.0
2022-11-209,3.0,0.329045966197927,78,11,2,7.0,0.0
2022-11-2010,20.5,0.5658629188712522,533,7,22,57.0,17.0
2022-11-2011,21.15,0.5673742816725456,549,7,22,54.0,18.0
2022-11-2012,15.849999999999998,0.5363424107142857,412,7,20,38.0,16.0
2022-11-2013,1.25,0.20447577628133184,32,16,1,2.0,0.0
2022-11-2112,3.6,0.3477472312999274,93,10,2,9.0,0.0
2022-11-2113,27.6,0.6137193104991716,717,6,24,85.0,23.0
2022-11-2114,25.099999999999998,0.6090874413652191,652,6,24,63.0,33.0
2022-11-2115,33.9,0.6198023726825402,881,6,25,80.0,50.0
2022-11-2116,1.15,0.2089325396825397,29,14,1,1.0,1.0
2022-11-2213,22.8,0.5785217153987987,592,7,21,54.0,30.0
2022-11-2214,32.3,0.6278817245126272,839,6,26,75.0,51.0
2022-11-2215,34.45,0.6288948871665886,895,6,26,70.0,65.0
2022-11-2313,17.0,0.543035277042916,442,7,18,36.0,24.0
2022-11-2314,22.1,0.5851401578616856,574,7,25,40.0,41.0
2022-11-2315,23.1,0.5793287477954144,600,6,25,48.0,39.0
2022-11-2316,1.0,0.2186111111111111,26,13,2,0.0,2.0
2022-11-2412,0.7,0.17950617283950612,18,18,1,1.0,0.0
2022-11-2413,14.5,0.5450024966931217,377,7,18,28.0,23.0
2022-11-2414,17.15,0.5418190274103468,445,7,21,32.0,29.0
2022-11-2415,18.950000000000003,0.5537314355526161,492,7,20,32.0,36.0
2022-11-2416,1.5499999999999998,0.22873597081930416,40,13,2,3.0,0.0
2022-11-2610,1.0,0.19205555555555556,26,13,1,2.0,0.0
2022-11-2612,0.6,0.18684193121693124,15,15,1,1.0,0.0
2022-11-2710,20.6,0.568248276247929,535,7,20,42.0,32.0
2022-11-2711,23.25,0.5592683120891454,604,7,21,47.0,34.0
2022-11-2712,17.4,0.5659915399029982,452,7,20,26.0,38.0
2022-11-2713,0.65,nan,16,16,1,1.0,0.0
2022-11-2813,28.15,0.587400893358185,731,7,26,70.0,32.0
2022-11-2814,30.75,0.6211742104731688,799,6,28,72.0,47.0
2022-11-2815,31.75,0.6171747284052942,825,6,28,72.0,54.0
2022-11-2911,0.6,0.17937499999999998,15,15,1,1.0,0.0
2022-11-2913,23.2,0.5781206836887393,603,7,21,55.0,29.0
2022-11-2914,22.25,0.5834481624471208,578,6,24,43.0,42.0
2022-11-2915,21.75,0.6003750813358453,565,6,24,44.0,41.0
2022-11-2919,3.0500000000000003,0.3013575275997151,79,13,1,6.0,0.0
2022-11-306,2.25,0.26352935773074665,58,11,1,5.0,0.0
2022-11-3013,21.75,0.5630953730425953,565,7,21,52.0,26.0
2022-11-3014,20.15,0.5729452629803324,523,7,24,43.0,31.0
2022-11-3015,26.799999999999997,0.6006345069667987,696,6,24,51.0,51.0
2022-11-3016,0.8,0.1812301587301587,20,20,1,1.0,0.0
2022-12-0113,20.1,0.5559611809229864,522,7,20,53.0,19.0
2022-12-0114,19.200000000000003,0.57616867835097,499,7,20,48.0,22.0
2022-12-0115,20.9,0.5724965091235924,543,7,24,47.0,29.0
2022-12-0116,0.75,nan,19,19,1,1.0,0.0
2022-12-0410,19.3,0.5558427240198073,501,7,19,45.0,22.0
2022-12-0411,14.8,0.5517465590094062,384,7,17,37.0,15.0
2022-12-0412,16.55,0.5613513778659612,430,6,18,40.0,23.0
2022-12-0513,22.7,0.572494432008321,590,7,28,42.0,39.0
2022-12-0514,27.25,0.6046007954365593,708,6,29,55.0,52.0
2022-12-0515,30.8,0.6090014805282166,800,6,28,61.0,57.0
2022-12-0610,2.2,0.30864462151788546,57,11,1,5.0,0.0
2022-12-0611,1.15,0.23841122868900644,29,14,1,2.0,0.0
2022-12-0612,1.05,0.2135108024691358,27,13,1,2.0,0.0
2022-12-0613,18.05,0.5836264770723104,469,6,23,52.0,16.0
2022-12-0614,25.55,0.5944535730730175,664,7,26,59.0,34.0
2022-12-0615,26.75,0.5778761321497433,695,7,28,58.0,40.0
2022-12-0616,1.15,0.22848933782267114,29,14,2,1.0,1.0
2022-12-0713,20.8,0.5689607932833627,540,7,22,45.0,30.0
2022-12-0714,20.200000000000003,0.5732270116843033,525,7,23,40.0,32.0
2022-12-0715,23.95,0.5807910201295617,622,7,25,55.0,33.0
2022-12-0813,15.4,0.5321742339065255,400,7,20,42.0,12.0
2022-12-0814,20.25,0.5705259554874139,526,7,21,54.0,20.0
2022-12-0815,19.25,0.572474017122281,500,7,20,37.0,33.0
2022-12-0816,1.0,0.21805864197530866,26,13,1,2.0,0.0
2022-12-119,1.4,0.2107058823529412,36,18,1,2.0,0.0
2022-12-1110,21.4,0.5656150108893164,556,7,21,49.0,30.0
2022-12-1111,18.85,0.5421916133891828,490,7,22,37.0,28.0
2022-12-1112,17.4,0.5341355572925018,452,7,21,26.0,32.0
2022-12-1113,0.6000000000000001,nan,15,15,1,1.0,0.0
2022-12-1212,0.7,0.16644510582010583,18,18,1,1.0,0.0
2022-12-1213,27.6,0.5811531257194451,717,7,25,65.0,33.0
2022-12-1214,29.35,0.6124377109130582,763,6,25,75.0,40.0
2022-12-1215,28.15,0.6346056992390325,731,6,26,73.0,41.0
2022-12-1216,2.0,0.30213846801346805,52,13,4,4.0,0.0
2022-12-1313,21.95,0.5882585277890833,570,7,23,49.0,32.0
2022-12-1314,24.699999999999996,0.5984524672986479,642,6,26,60.0,33.0
2022-12-1315,24.9,0.5988654119928426,647,6,26,54.0,42.0
2022-12-1413,16.35,0.5362740575396825,425,6,25,33.0,28.0
2022-12-1414,18.45,0.5407485651822457,479,7,26,38.0,28.0
2022-12-1415,23.65,0.5728150561501256,614,7,25,43.0,42.0
2022-12-1416,0.7000000000000001,0.1872283950617284,18,18,1,1.0,0.0
2022-12-1512,0.7000000000000001,0.17284567901234568,18,18,1,1.0,0.0
2022-12-1513,16.4,0.5354962613903587,426,7,17,39.0,18.0
2022-12-1514,18.6,0.5840834103268131,483,7,22,41.0,27.0
2022-12-1515,18.6,0.5502013356114052,483,7,22,42.0,24.0
2022-12-1516,0.8,0.17012088477366252,20,20,1,1.0,0.0
2022-12-189,0.55,0.18314814814814814,14,14,1,1.0,0.0
2022-12-1810,23.0,0.5566525867136979,598,7,22,50.0,30.0
2022-12-1811,21.3,0.5663632295173963,553,7,22,52.0,23.0
2022-12-1812,20.9,0.5719404523074663,543,7,22,50.0,25.0
2022-12-1913,18.9,0.549070267489712,491,7,24,44.0,25.0
2022-12-1914,27.05,0.6097288059933893,703,6,27,64.0,43.0
2022-12-1915,29.65,0.6159253354670021,770,6,26,69.0,49.0
2022-12-1916,0.5,0.159429012345679,13,13,1,1.0,0.0
2022-12-2013,19.95,0.5627019455467371,518,7,23,48.0,23.0
2022-12-2014,18.15,0.5495707200978034,471,7,26,37.0,25.0
2022-12-2015,21.3,0.5782935096667735,553,6,26,46.0,35.0
2022-12-2016,1.35,0.20453086419753083,35,17,2,2.0,0.0
2022-12-2113,14.0,0.5142929783950617,364,8,18,33.0,11.0
2022-12-2114,15.850000000000001,0.5468067735890653,412,7,21,38.0,19.0
2022-12-2115,18.799999999999997,0.5669513240874352,488,7,19,31.0,36.0
2022-12-2116,0.85,0.16996296296296295,22,22,1,1.0,0.0
2022-12-2213,6.25,0.4379503533138402,162,8,10,14.0,5.0
2022-12-2214,5.449999999999999,0.41708356481481484,141,9,9,11.0,4.0
2022-12-2215,4.05,0.35689886463844794,105,11,6,6.0,3.0
2023-01-0913,17.65,0.5889616163286302,458,7,23,44.0,21.0
2023-01-0914,11.85,0.5070689043209876,308,7,20,23.0,17.0
2023-01-0915,12.35,0.5030053240740742,321,7,19,14.0,27.0
2023-01-1012,0.6,nan,15,15,1,1.0,0.0
2023-01-1013,17.45,0.5618918926366843,453,7,21,33.0,30.0
2023-01-1014,20.7,0.5343365002538614,538,7,23,43.0,28.0
2023-01-1015,23.049999999999997,0.5751564344349067,599,6,23,40.0,46.0
2023-01-1016,1.2000000000000002,0.21828082411415747,31,15,2,0.0,2.0
2023-01-1112,0.6,0.16417548500881837,15,15,1,1.0,0.0
2023-01-1113,21.15,0.53984025439581,549,7,23,42.0,28.0
2023-01-1114,26.799999999999997,0.5696196857797552,696,7,25,56.0,41.0
2023-01-1115,20.85,0.5835967985075624,542,6,23,39.0,39.0
2023-01-1116,1.75,0.2596147486772487,45,11,3,4.0,0.0
2023-01-1213,12.55,0.533079508377425,326,7,17,27.0,16.0
2023-01-1214,17.9,0.550819427910053,465,7,18,37.0,23.0
2023-01-1215,17.1,0.5662646917254556,444,7,21,36.0,26.0
2023-01-1216,0.6499999999999999,0.17638580246913582,16,16,1,0.0,1.0
2023-01-1510,19.0,0.5852492026748971,494,7,19,38.0,31.0
2023-01-1511,21.549999999999997,0.5688292588584256,560,7,22,48.0,28.0
2023-01-1512,18.349999999999998,0.5440843658142268,477,7,21,32.0,33.0
2023-01-1513,0.6499999999999999,0.15006084656084656,16,16,1,0.0,1.0
2023-01-1612,0.8,nan,20,20,1,1.0,0.0
2023-01-1613,20.650000000000002,0.5565909758965315,536,7,25,45.0,27.0
2023-01-1614,26.9,0.5964961045641601,699,6,27,65.0,36.0
2023-01-1615,34.95,0.6235920844326789,908,6,27,85.0,49.0
2023-01-1616,4.6,0.34330165692007797,119,10,7,10.0,1.0
2023-01-1712,5.199999999999999,0.4173005104463438,135,9,3,15.0,0.0
2023-01-1713,32.4,0.6115904227716727,842,6,23,98.0,24.0
2023-01-1714,40.8,0.6276630172484575,1060,6,26,108.0,53.0
2023-01-1715,39.75,0.6434037691792595,1033,6,25,106.0,56.0
2023-01-1716,3.45,0.3056328347578347,89,12,6,7.0,0.0
2023-01-1812,5.199999999999999,0.36632687041678275,135,10,2,13.0,0.0
2023-01-1813,33.65,0.6097171016355044,874,6,24,108.0,21.0
2023-01-1814,31.75,0.6229111447130543,825,6,25,99.0,27.0
2023-01-1815,26.05,0.5950632817157122,677,6,24,54.0,44.0
2023-01-1816,0.8,nan,20,20,1,1.0,0.0
2023-01-1913,13.95,0.5327222222222222,362,7,20,35.0,12.0
2023-01-1914,22.25,0.5666342866495645,578,7,23,52.0,26.0
2023-01-1915,21.1,0.5685491712762546,548,6,23,49.0,30.0
2023-01-229,0.7000000000000001,nan,18,18,1,1.0,0.0
2023-01-2210,23.1,0.5965880695179306,600,6,21,52.0,38.0
2023-01-2211,21.45,0.5701568691211052,557,7,21,50.0,28.0
2023-01-2212,21.35,0.5830344860643472,555,7,22,49.0,29.0
2023-01-2213,1.3,0.24101543209876541,33,11,3,3.0,0.0
2023-01-2311,0.55,nan,14,14,1,1.0,0.0
2023-01-2313,17.85,0.5605504537771899,464,7,30,50.0,13.0
2023-01-2314,21.85,0.5919371767662703,568,6,28,50.0,33.0
2023-01-2315,35.25,0.6349258803408931,916,6,30,70.0,70.0
2023-01-2316,0.9000000000000001,0.2257268518518519,23,11,2,1.0,1.0
2023-01-247,1.1,0.21343660968660969,28,14,1,2.0,0.0
2023-01-249,0.6,0.1920331790123457,15,15,1,1.0,0.0
2023-01-2410,4.25,0.3903551007147499,110,10,1,11.0,0.0
2023-01-2411,2.15,0.3138664756025868,55,11,1,5.0,0.0
2023-01-2412,2.5,0.24466633947026104,65,16,2,4.0,0.0
2023-01-2413,24.8,0.5955874075512965,644,6,23,59.0,34.0
2023-01-2414,28.6,0.6054002429797568,743,6,27,65.0,46.0
2023-01-2415,23.799999999999997,0.579686723050612,618,7,28,46.0,42.0
2023-01-2416,0.55,nan,14,14,1,1.0,0.0
2023-01-255,0.7,nan,18,18,1,1.0,0.0
2023-01-257,2.95,0.3129933669049167,76,12,1,6.0,0.0
2023-01-259,0.7,0.17685714285714285,18,18,1,1.0,0.0
2023-01-2511,0.55,nan,14,14,1,1.0,0.0
2023-01-2512,1.5,0.2354894745172523,39,13,1,3.0,0.0
2023-01-2513,18.299999999999997,0.556986436287478,475,7,23,53.0,14.0
2023-01-2514,23.9,0.6036532799055369,621,6,26,56.0,37.0
2023-01-2515,28.049999999999997,0.6016649953313148,729,6,28,60.0,46.0
2023-01-266,0.6,nan,15,15,1,1.0,0.0
2023-01-2612,0.8,0.255270061728395,20,10,2,2.0,0.0
2023-01-2613,12.7,0.5303295304232805,330,8,17,29.0,12.0
2023-01-2614,16.9,0.5355789888494384,439,7,22,33.0,26.0
2023-01-2615,17.75,0.5298865079365079,461,7,19,37.0,24.0
2023-01-2616,2.05,0.25371216168091165,53,13,3,3.0,1.0
2023-01-278,0.75,0.16817283950617287,19,19,1,1.0,0.0
2023-01-2710,0.6000000000000001,0.1784259259259259,15,15,1,1.0,0.0
2023-01-2711,0.55,0.1732793209876543,14,14,1,1.0,0.0
2023-01-299,1.75,0.22422427983539095,45,15,1,3.0,0.0
2023-01-2910,23.700000000000003,0.5978952138782,616,6,20,62.0,27.0
2023-01-2911,20.799999999999997,0.5772813408556464,540,7,20,42.0,33.0
2023-01-2912,20.950000000000003,0.579067468334135,544,7,20,41.0,35.0
2023-01-2913,0.7,0.1919708994708995,18,18,1,1.0,0.0
2023-01-305,0.6499999999999999,nan,16,16,1,1.0,0.0
2023-01-306,1.7999999999999998,0.22470576131687245,46,15,1,3.0,0.0
2023-01-307,0.6000000000000001,0.14285493827160492,15,15,1,1.0,0.0
2023-01-309,1.2000000000000002,0.208346310325477,31,15,1,2.0,0.0
2023-01-3010,0.55,nan,14,14,1,1.0,0.0
2023-01-3012,1.7000000000000002,0.2243287037037037,44,14,1,3.0,0.0
2023-01-3013,18.75,0.5570996656378601,487,7,25,47.0,19.0
2023-01-3014,21.1,0.5634283032939282,548,7,25,45.0,31.0
2023-01-3015,29.0,0.619255209245487,754,6,28,65.0,48.0
2023-01-3016,1.3,0.18259589947089946,33,16,2,1.0,1.0
2023-01-314,0.5,0.18694444444444444,13,13,1,1.0,0.0
2023-01-315,1.95,0.2650918209876543,50,12,1,4.0,0.0
2023-01-317,2.05,0.3025205761316872,53,10,1,5.0,0.0
2023-01-319,3.5,0.33575963245380464,91,11,1,8.0,0.0
2023-01-3110,4.15,0.3661497928849902,107,10,2,10.0,0.0
2023-01-3111,1.2,0.21257275132275133,31,15,1,2.0,0.0
2023-01-3112,1.35,0.2877935606060606,35,11,2,3.0,0.0
2023-01-3113,20.849999999999998,0.5911397450029394,542,6,23,45.0,33.0
2023-01-3114,21.8,0.5708232348284432,566,7,23,38.0,39.0
2023-01-3115,23.95,0.5914709759633371,622,6,26,41.0,48.0
2023-01-3116,1.5,0.25648533950617286,39,13,3,2.0,1.0
2023-02-014,0.65,nan,16,16,1,1.0,0.0
2023-02-015,1.6,0.26039109347442685,41,13,1,3.0,0.0
2023-02-016,3.1999999999999997,0.3261365592355176,83,11,1,7.0,0.0
2023-02-017,1.7999999999999998,0.2703161375661376,46,15,1,3.0,0.0
2023-02-019,0.6499999999999999,0.18297883597883602,16,16,1,1.0,0.0
2023-02-0111,3.1500000000000004,0.3744359315742758,81,11,1,7.0,0.0
2023-02-0113,16.4,0.5379116769547325,426,7,22,36.0,19.0
2023-02-0114,18.299999999999997,0.5614466435185186,475,7,25,47.0,19.0
2023-02-0115,27.099999999999998,0.5997092316890927,704,6,25,49.0,52.0
2023-02-0116,1.8,0.21233935920047028,46,15,3,1.0,2.0
2023-02-0213,10.35,0.467415233686067,269,8,14,16.0,15.0
2023-02-0214,15.7,0.5267114252645503,408,7,21,32.0,22.0
2023-02-0215,14.75,0.5518662147266313,383,7,19,26.0,28.0
2023-02-0216,0.5,nan,13,13,1,1.0,0.0
2023-02-039,0.65,0.17155555555555554,16,16,1,1.0,0.0
2023-02-0510,18.200000000000003,0.5733205914327443,473,7,21,44.0,22.0
2023-02-0511,17.7,0.5524945723386695,460,7,20,33.0,27.0
2023-02-0512,18.4,0.55792258614585,478,7,21,42.0,22.0
2023-02-0513,0.55,0.17229166666666665,14,14,1,1.0,0.0
2023-02-064,1.0,0.22577546296296294,26,13,1,2.0,0.0
2023-02-065,3.55,0.3122333412472302,92,13,1,7.0,0.0
2023-02-066,2.2,0.23790926717315608,57,14,1,4.0,0.0
2023-02-067,6.5,0.4374864969135803,169,8,1,19.0,0.0
2023-02-068,8.25,0.46941951754385963,214,8,1,25.0,0.0
2023-02-069,2.6500000000000004,0.30911491692193444,68,13,2,5.0,0.0
2023-02-0610,3.45,0.3369612979207277,89,11,3,8.0,0.0
2023-02-0611,6.300000000000001,0.40904433421516756,163,9,2,17.0,0.0
2023-02-0612,1.8,0.2827253687670354,46,11,1,4.0,0.0
2023-02-0613,19.8,0.5784048647854204,514,7,28,41.0,31.0
2023-02-0614,25.749999999999996,0.6193384098925766,669,6,31,62.0,38.0
2023-02-0615,25.5,0.6016346669405697,663,7,30,54.0,39.0
2023-02-0616,0.8,0.17575,20,20,1,1.0,0.0
2023-02-074,1.85,0.27349544385655494,48,12,2,4.0,0.0
2023-02-075,2.55,0.3428670033670034,66,11,1,6.0,0.0
2023-02-077,3.5999999999999996,0.35553347908093275,93,10,2,9.0,0.0
2023-02-078,1.7,0.24559034792368126,44,14,2,3.0,0.0
2023-02-079,1.85,0.26130291005291006,48,12,2,4.0,0.0
2023-02-0710,3.7500000000000004,0.3937443144899286,97,9,1,10.0,0.0
2023-02-0711,7.0,0.4096861024087998,182,9,2,20.0,0.0
2023-02-0712,6.8,0.3899089221897336,176,10,4,17.0,0.0
2023-02-0713,18.45,0.558665797859548,479,7,25,52.0,14.0
2023-02-0714,26.900000000000002,0.6026106823217935,699,6,27,57.0,43.0
2023-02-0715,27.65,0.6171307382432383,718,6,28,58.0,51.0
2023-02-0716,1.6,0.21281166787702735,41,13,1,3.0,0.0
2023-02-085,1.6500000000000001,0.2504344870664315,42,14,1,3.0,0.0
2023-02-089,3.0500000000000003,0.30964192889631487,79,11,1,7.0,0.0
2023-02-0813,20.0,0.5493492761610816,520,7,23,41.0,29.0
2023-02-0814,22.049999999999997,0.5698443601023463,573,6,26,51.0,33.0
2023-02-0815,23.3,0.5811190092058148,605,7,24,54.0,30.0
2023-02-0816,1.2999999999999998,0.21681823192239857,33,16,2,1.0,1.0
2023-02-0913,16.6,0.5393422527189888,431,7,17,44.0,15.0
2023-02-0914,21.799999999999997,0.5806538332937639,566,7,22,56.0,24.0
2023-02-0915,16.85,0.5562298120089787,438,7,21,36.0,24.0
2023-02-129,1.2,0.20557635882635883,31,15,1,2.0,0.0
2023-02-1210,24.049999999999997,0.597588361278639,625,7,20,71.0,18.0
2023-02-1211,15.3,0.5364426826131686,397,7,21,28.0,23.0
2023-02-1212,14.9,0.5249158289241622,387,7,21,28.0,23.0
2023-02-1213,0.55,nan,14,14,1,1.0,0.0
2023-02-1313,23.0,0.5805037000293944,598,7,24,62.0,23.0
2023-02-1314,22.05,0.5801733350368767,573,6,27,50.0,32.0
2023-02-1315,23.9,0.5692737662671691,621,7,27,55.0,31.0
2023-02-1316,1.2,0.19617758784425454,31,15,2,1.0,1.0
2023-02-1413,12.5,0.5164257060475262,325,7,20,31.0,12.0
2023-02-1414,20.25,0.5555561386016247,526,7,23,42.0,27.0
2023-02-1415,22.549999999999997,0.6078049917161028,586,6,24,55.0,34.0
2023-02-1416,0.6,0.1857969576719577,15,15,1,1.0,0.0
2023-02-1513,18.15,0.5528604993386244,471,7,23,38.0,27.0
2023-02-1514,25.5,0.5862107615506922,663,7,25,50.0,43.0
2023-02-1515,25.049999999999997,0.602946214626423,651,6,28,54.0,40.0
2023-02-1516,1.15,0.20170910493827163,29,14,2,2.0,0.0
2023-02-1612,0.7,0.17720370370370372,18,18,1,1.0,0.0
2023-02-1613,17.05,0.5318021384479718,443,8,17,45.0,10.0
2023-02-1614,18.9,0.5299838587595532,491,7,20,37.0,25.0
2023-02-1615,21.700000000000003,0.553778844997595,564,7,21,42.0,33.0
2023-02-1616,0.65,0.19511316872427983,16,16,1,1.0,0.0
2023-02-1910,20.200000000000003,0.5668797702554645,525,7,21,50.0,23.0
2023-02-1911,15.749999999999998,0.5534978395061728,409,7,20,28.0,28.0
2023-02-1912,19.299999999999997,0.5623841587167976,501,6,20,36.0,38.0
2023-02-2013,23.25,0.5626823008524396,604,7,23,53.0,30.0
2023-02-2014,23.549999999999997,0.6049743186982771,612,6,28,50.0,41.0
2023-02-2015,28.8,0.6306384159050826,748,6,29,76.0,37.0
2023-02-2111,6.300000000000001,0.3952067901234568,163,10,1,15.0,0.0
2023-02-2112,0.8500000000000001,0.17876543209876541,22,22,1,1.0,0.0
2023-02-2113,22.2,0.5883114289388596,577,6,27,55.0,30.0
2023-02-2114,28.15,0.63500100452531,731,6,27,69.0,45.0
2023-02-2115,32.6,0.6249998995346219,847,6,29,64.0,62.0
2023-02-2116,2.15,0.2678958333333334,55,13,3,3.0,1.0
2023-02-2210,0.39999999999999997,0.1652469135802469,10,10,1,1.0,0.0
2023-02-2213,19.349999999999998,0.5885078226043504,503,6,23,53.0,23.0
2023-02-2214,23.9,0.5930704730197786,621,7,25,53.0,34.0
2023-02-2215,27.049999999999997,0.6037662864527448,703,6,25,64.0,39.0
2023-02-2216,1.05,0.19990277777777776,27,13,2,1.0,1.0
2023-02-2312,1.25,0.21953240740740743,32,16,1,2.0,0.0
2023-02-2313,13.3,0.5132566854056436,345,8,18,22.0,21.0
2023-02-2314,13.95,0.5188969962522045,362,7,19,33.0,14.0
2023-02-2315,15.2,0.5196456000146972,395,7,20,29.0,22.0
2023-02-2316,2.15,0.28147355912061794,55,13,2,4.0,0.0
2023-02-287,0.8,nan,20,20,1,1.0,0.0
